0	0	624	624	1
2	260	220	bubble 0
5	500 100 jumper 0
6	500 400 chest
6	532 400 chest
6	564 400 chest
3   500	500 sensor 0
3   400	500 sensor 1
2	300	300	red_knight_soldier 2
2	300	300	red_knight_soldier 2
2	300	300	red_knight_soldier 2
2	300	300	red_knight_soldier 2
1	304	164	black_stone	3
1	320	164	black_stone	3
1	336	164	black_stone	3
1	352	164	black_stone	3
1	368	164	black_stone	3
0	100	100	rupee_green
0	116	100	rupee_green
0	132	100	rupee_green
0	180	116	rupee_red
0	196	116	rupee_red
0	212	116	rupee_red
0	238	116	rupee_red
0	254	116	rupee_red
0	180	148	rupee_blue
0	196	148	rupee_blue
0	212	148	rupee_blue
0	238	148	rupee_blue
0	254	148	rupee_blue
4	0	0	16	16	90
4	0	16	16	16	90
4	0	32	16	16	90
4	0	48	16	16	90
4	0	64	16	16	90
4	0	80	16	16	90
4	0	96	16	16	90
4	0	112	16	16	90
4	0	128	16	16	90
4	0	144	16	16	90
4	0	160	16	16	90
4	0	176	16	16	90
4	0	192	16	16	90
4	0	208	16	16	90
4	0	224	16	16	90
4	0	240	16	16	90
4	0	256	16	16	90
4	0	272	16	16	90
4	0	288	16	16	90
4	0	304	16	16	90
4	0	320	16	16	90
4	0	336	16	16	90
4	0	352	16	16	90
4	0	368	16	16	90
4	0	384	16	16	90
4	0	400	16	16	90
4	0	416	16	16	90
4	0	432	16	16	90
4	0	448	16	16	90
4	0	464	16	16	90
4	0	480	16	16	90
4	0	496	16	16	90
4	0	512	16	16	90
4	0	528	16	16	90
4	0	544	16	16	90
4	0	560	16	16	90
4	0	576	16	16	90
4	0	592	16	16	90
4	0	608	16	16	90
4	0	624	16	16	90
4	16	0	16	16	90
4	16	16	16	16	90
4	16	32	16	16	90
4	16	48	16	16	90
4	16	64	16	16	90
4	16	80	16	16	90
4	16	96	16	16	90
4	16	112	16	16	90
4	16	128	16	16	90
4	16	144	16	16	90
4	16	160	16	16	90
4	16	176	16	16	90
4	16	192	16	16	90
4	16	208	16	16	90
4	16	224	16	16	90
4	16	240	16	16	90
4	16	256	16	16	90
4	16	272	16	16	90
4	16	288	16	16	90
4	16	304	16	16	90
4	16	320	16	16	90
4	16	336	16	16	90
4	16	352	16	16	90
4	16	368	16	16	90
4	16	384	16	16	90
4	16	400	16	16	90
4	16	416	16	16	90
4	16	432	16	16	90
4	16	448	16	16	90
4	16	464	16	16	90
4	16	480	16	16	90
4	16	496	16	16	90
4	16	512	16	16	90
4	16	528	16	16	90
4	16	544	16	16	90
4	16	560	16	16	90
4	16	576	16	16	90
4	16	592	16	16	90
4	16	608	16	16	90
4	16	624	16	16	90
4	32	0	16	16	90
4	32	16	16	16	90
4	32	32	16	16	90
4	32	48	16	16	90
4	32	64	16	16	90
4	32	80	16	16	90
4	32	96	16	16	90
4	32	112	16	16	90
4	32	128	16	16	90
4	32	144	16	16	90
4	32	160	16	16	90
4	32	176	16	16	90
4	32	192	16	16	90
4	32	208	16	16	90
4	32	224	16	16	90
4	32	240	16	16	90
4	32	256	16	16	90
4	32	272	16	16	90
4	32	288	16	16	90
4	32	304	16	16	90
4	32	320	16	16	90
4	32	336	16	16	90
4	32	352	16	16	90
4	32	368	16	16	90
4	32	384	16	16	90
4	32	400	16	16	90
4	32	416	16	16	90
4	32	432	16	16	90
4	32	448	16	16	90
4	32	464	16	16	90
4	32	480	16	16	90
4	32	496	16	16	90
4	32	512	16	16	90
4	32	528	16	16	90
4	32	544	16	16	90
4	32	560	16	16	90
4	32	576	16	16	90
4	32	592	16	16	90
4	32	608	16	16	90
4	32	624	16	16	90
4	48	0	16	16	90
4	48	16	16	16	90
4	48	32	16	16	90
4	48	48	16	16	90
4	48	64	16	16	90
4	48	80	16	16	90
4	48	96	16	16	90
4	48	112	16	16	90
4	48	128	16	16	90
4	48	144	16	16	90
4	48	160	16	16	90
4	48	176	16	16	90
4	48	192	16	16	90
4	48	208	16	16	90
4	48	224	16	16	90
4	48	240	16	16	90
4	48	256	16	16	90
4	48	272	16	16	90
4	48	288	16	16	90
4	48	304	16	16	90
4	48	320	16	16	90
4	48	336	16	16	90
4	48	352	16	16	90
4	48	368	16	16	90
4	48	384	16	16	90
4	48	400	16	16	90
4	48	416	16	16	90
4	48	432	16	16	90
4	48	448	16	16	90
4	48	464	16	16	90
4	48	480	16	16	90
4	48	496	16	16	90
4	48	512	16	16	90
4	48	528	16	16	90
4	48	544	16	16	90
4	48	560	16	16	90
4	48	576	16	16	90
4	48	592	16	16	90
4	48	608	16	16	90
4	48	624	16	16	90
4	64	0	16	16	90
4	64	16	16	16	90
4	64	32	16	16	90
4	64	48	16	16	90
4	64	64	16	16	90
4	64	80	16	16	90
4	64	96	16	16	90
4	64	112	16	16	90
4	64	128	16	16	90
4	64	144	16	16	90
4	64	160	16	16	90
4	64	176	16	16	90
4	64	192	16	16	90
4	64	208	16	16	90
4	64	224	16	16	90
4	64	240	16	16	90
4	64	256	16	16	90
4	64	272	16	16	90
4	64	288	16	16	90
4	64	304	16	16	90
4	64	320	16	16	90
4	64	336	16	16	90
4	64	352	16	16	90
4	64	368	16	16	90
4	64	384	16	16	90
4	64	400	16	16	90
4	64	416	16	16	90
4	64	432	16	16	90
4	64	448	16	16	90
4	64	464	16	16	90
4	64	480	16	16	90
4	64	496	16	16	90
4	64	512	16	16	90
4	64	528	16	16	90
4	64	544	16	16	90
4	64	560	16	16	90
4	64	576	16	16	90
4	64	592	16	16	90
4	64	608	16	16	90
4	64	624	16	16	90
4	80	0	16	16	90
4	80	16	16	16	90
4	80	32	16	16	90
4	80	48	16	16	90
4	80	64	16	16	90
4	80	80	16	16	90
4	80	96	16	16	90
4	80	112	16	16	90
4	80	128	16	16	90
4	80	144	16	16	90
4	80	160	16	16	90
4	80	176	16	16	90
4	80	192	16	16	90
4	80	208	16	16	90
4	80	224	16	16	90
4	80	240	16	16	90
4	80	256	16	16	90
4	80	272	16	16	90
4	80	288	16	16	90
4	80	304	16	16	90
4	80	320	16	16	90
4	80	336	16	16	90
4	80	352	16	16	90
4	80	368	16	16	90
4	80	384	16	16	90
4	80	400	16	16	90
4	80	416	16	16	90
4	80	432	16	16	90
4	80	448	16	16	90
4	80	464	16	16	90
4	80	480	16	16	90
4	80	496	16	16	90
4	80	512	16	16	90
4	80	528	16	16	90
4	80	544	16	16	90
4	80	560	16	16	90
4	80	576	16	16	90
4	80	592	16	16	90
4	80	608	16	16	90
4	80	624	16	16	90
4	96	0	16	16	90
4	96	16	16	16	90
4	96	32	16	16	90
4	96	48	16	16	90
4	96	64	16	16	90
4	96	80	16	16	90
4	96	96	16	16	90
4	96	112	16	16	90
4	96	128	16	16	90
4	96	144	16	16	90
4	96	160	16	16	90
4	96	176	16	16	90
4	96	192	16	16	90
4	96	208	16	16	90
4	96	224	16	16	90
4	96	240	16	16	90
4	96	256	16	16	90
4	96	272	16	16	90
4	96	288	16	16	90
4	96	304	16	16	90
4	96	320	16	16	90
4	96	336	16	16	90
4	96	352	16	16	90
4	96	368	16	16	90
4	96	384	16	16	90
4	96	400	16	16	90
4	96	416	16	16	90
4	96	432	16	16	90
4	96	448	16	16	90
4	96	464	16	16	90
4	96	480	16	16	90
4	96	496	16	16	90
4	96	512	16	16	90
4	96	528	16	16	90
4	96	544	16	16	90
4	96	560	16	16	90
4	96	576	16	16	90
4	96	592	16	16	90
4	96	608	16	16	90
4	96	624	16	16	90
4	112	0	16	16	90
4	112	16	16	16	90
4	112	32	16	16	90
4	112	48	16	16	90
4	112	64	16	16	90
4	112	80	16	16	90
4	112	96	16	16	90
4	112	112	16	16	90
4	112	128	16	16	90
4	112	144	16	16	90
4	112	160	16	16	90
4	112	176	16	16	90
4	112	192	16	16	90
4	112	208	16	16	90
4	112	224	16	16	90
4	112	240	16	16	90
4	112	256	16	16	90
4	112	272	16	16	90
4	112	288	16	16	90
4	112	304	16	16	90
4	112	320	16	16	90
4	112	336	16	16	90
4	112	352	16	16	90
4	112	368	16	16	90
4	112	384	16	16	90
4	112	400	16	16	90
4	112	416	16	16	90
4	112	432	16	16	90
4	112	448	16	16	90
4	112	464	16	16	90
4	112	480	16	16	90
4	112	496	16	16	90
4	112	512	16	16	90
4	112	528	16	16	90
4	112	544	16	16	90
4	112	560	16	16	90
4	112	576	16	16	90
4	112	592	16	16	90
4	112	608	16	16	90
4	112	624	16	16	90
4	128	0	16	16	90
4	128	16	16	16	90
4	128	32	16	16	90
4	128	48	16	16	90
4	128	64	16	16	90
4	128	80	16	16	90
4	128	96	16	16	90
4	128	112	16	16	90
4	128	128	16	16	90
4	128	144	16	16	90
4	128	160	16	16	90
4	128	176	16	16	90
4	128	192	16	16	90
4	128	208	16	16	90
4	128	224	16	16	90
4	128	240	16	16	90
4	128	256	16	16	90
4	128	272	16	16	90
4	128	288	16	16	90
4	128	304	16	16	90
4	128	320	16	16	90
4	128	336	16	16	90
4	128	352	16	16	90
4	128	368	16	16	90
4	128	384	16	16	90
4	128	400	16	16	90
4	128	416	16	16	90
4	128	432	16	16	90
4	128	448	16	16	90
4	128	464	16	16	90
4	128	480	16	16	90
4	128	496	16	16	90
4	128	512	16	16	90
4	128	528	16	16	90
4	128	544	16	16	90
4	128	560	16	16	90
4	128	576	16	16	90
4	128	592	16	16	90
4	128	608	16	16	90
4	128	624	16	16	90
4	144	0	16	16	90
4	144	16	16	16	90
4	144	32	16	16	90
4	144	48	16	16	90
4	144	64	16	16	90
4	144	80	16	16	90
4	144	96	16	16	90
4	144	112	16	16	90
4	144	128	16	16	90
4	144	144	16	16	90
4	144	160	16	16	90
4	144	176	16	16	90
4	144	192	16	16	90
4	144	208	16	16	90
4	144	224	16	16	90
4	144	240	16	16	90
4	144	256	16	16	90
4	144	272	16	16	90
4	144	288	16	16	90
4	144	304	16	16	90
4	144	320	16	16	90
4	144	336	16	16	90
4	144	352	16	16	90
4	144	368	16	16	90
4	144	384	16	16	90
4	144	400	16	16	90
4	144	416	16	16	90
4	144	432	16	16	90
4	144	448	16	16	90
4	144	464	16	16	90
4	144	480	16	16	90
4	144	496	16	16	90
4	144	512	16	16	90
4	144	528	16	16	90
4	144	544	16	16	90
4	144	560	16	16	90
4	144	576	16	16	90
4	144	592	16	16	90
4	144	608	16	16	90
4	144	624	16	16	90
4	160	0	16	16	90
4	160	16	16	16	90
4	160	32	16	16	90
4	160	48	16	16	90
4	160	64	16	16	90
4	160	80	16	16	90
4	160	96	16	16	90
4	160	112	16	16	90
4	160	128	16	16	90
4	160	144	16	16	90
4	160	160	16	16	90
4	160	176	16	16	90
4	160	192	16	16	90
4	160	208	16	16	90
4	160	224	16	16	90
4	160	240	16	16	90
4	160	256	16	16	90
4	160	272	16	16	90
4	160	288	16	16	90
4	160	304	16	16	90
4	160	320	16	16	90
4	160	336	16	16	90
4	160	352	16	16	90
4	160	368	16	16	90
4	160	384	16	16	90
4	160	400	16	16	90
4	160	416	16	16	90
4	160	432	16	16	90
4	160	448	16	16	90
4	160	464	16	16	90
4	160	480	16	16	90
4	160	496	16	16	90
4	160	512	16	16	90
4	160	528	16	16	90
4	160	544	16	16	90
4	160	560	16	16	90
4	160	576	16	16	90
4	160	592	16	16	90
4	160	608	16	16	90
4	160	624	16	16	90
4	176	0	16	16	90
4	176	16	16	16	90
4	176	32	16	16	90
4	176	48	16	16	90
4	176	64	16	16	90
4	176	80	16	16	90
4	176	96	16	16	90
4	176	112	16	16	90
4	176	128	16	16	90
4	176	144	16	16	90
4	176	160	16	16	90
4	176	176	16	16	90
4	176	192	16	16	90
4	176	208	16	16	90
4	176	224	16	16	90
4	176	240	16	16	90
4	176	256	16	16	90
4	176	272	16	16	90
4	176	288	16	16	90
4	176	304	16	16	90
4	176	320	16	16	90
4	176	336	16	16	90
4	176	352	16	16	90
4	176	368	16	16	90
4	176	384	16	16	90
4	176	400	16	16	90
4	176	416	16	16	90
4	176	432	16	16	90
4	176	448	16	16	90
4	176	464	16	16	90
4	176	480	16	16	90
4	176	496	16	16	90
4	176	512	16	16	90
4	176	528	16	16	90
4	176	544	16	16	90
4	176	560	16	16	90
4	176	576	16	16	90
4	176	592	16	16	90
4	176	608	16	16	90
4	176	624	16	16	90
4	192	0	16	16	90
4	192	16	16	16	90
4	192	32	16	16	90
4	192	48	16	16	90
4	192	64	16	16	90
4	192	80	16	16	90
4	192	96	16	16	90
4	192	112	16	16	90
4	192	128	16	16	90
4	192	144	16	16	90
4	192	160	16	16	90
4	192	176	16	16	90
4	192	192	16	16	90
4	192	208	16	16	90
4	192	224	16	16	90
4	192	240	16	16	90
4	192	256	16	16	90
4	192	272	16	16	90
4	192	288	16	16	90
4	192	304	16	16	90
4	192	320	16	16	90
4	192	336	16	16	90
4	192	352	16	16	90
4	192	368	16	16	90
4	192	384	16	16	90
4	192	400	16	16	90
4	192	416	16	16	90
4	192	432	16	16	90
4	192	448	16	16	90
4	192	464	16	16	90
4	192	480	16	16	90
4	192	496	16	16	90
4	192	512	16	16	90
4	192	528	16	16	90
4	192	544	16	16	90
4	192	560	16	16	90
4	192	576	16	16	90
4	192	592	16	16	90
4	192	608	16	16	90
4	192	624	16	16	90
4	208	0	16	16	90
4	208	16	16	16	90
4	208	32	16	16	90
4	208	48	16	16	90
4	208	64	16	16	90
4	208	80	16	16	90
4	208	96	16	16	90
4	208	112	16	16	90
4	208	128	16	16	90
4	208	144	16	16	90
4	208	160	16	16	90
4	208	176	16	16	90
4	208	192	16	16	90
4	208	208	16	16	90
4	208	224	16	16	90
4	208	240	16	16	90
4	208	256	16	16	90
4	208	272	16	16	90
4	208	288	16	16	90
4	208	304	16	16	90
4	208	320	16	16	90
4	208	336	16	16	90	
4	208	352	16	16	90
4	208	368	16	16	90
4	208	384	16	16	90
4	208	400	16	16	90
4	208	416	16	16	90
4	208	432	16	16	90
4	208	448	16	16	90
4	208	464	16	16	90
4	208	480	16	16	90
4	208	496	16	16	90
4	208	512	16	16	90
4	208	528	16	16	90
4	208	544	16	16	90
4	208	560	16	16	90
4	208	576	16	16	90
4	208	592	16	16	90
4	208	608	16	16	90
4	208	624	16	16	90
4	224	0	16	16	90
4	224	16	16	16	90
4	224	32	16	16	90
4	224	48	16	16	90
4	224	64	16	16	90
4	224	80	16	16	90
4	224	96	16	16	90
4	224	112	16	16	90
4	224	128	16	16	90
4	224	144	16	16	90
4	224	160	16	16	90
4	224	176	16	16	90
4	224	192	16	16	90
4	224	208	16	16	90
4	224	224	16	16	90
4	224	240	16	16	90
4	224	256	16	16	90
4	224	272	16	16	90
4	224	288	16	16	90
4	224	336	16	16	90
4	224	352	16	16	90
4	224	368	16	16	90
4	224	384	16	16	90
4	224	400	16	16	90
4	224	416	16	16	90
4	224	432	16	16	90
4	224	448	16	16	90
4	224	464	16	16	90
4	224	480	16	16	90
4	224	496	16	16	90
4	224	512	16	16	90
4	224	528	16	16	90
4	224	544	16	16	90
4	224	560	16	16	90
4	224	576	16	16	90
4	224	592	16	16	90
4	224	608	16	16	90
4	224	624	16	16	90
4	240	0	16	16	90
4	240	16	16	16	90
4	240	32	16	16	90
4	240	48	16	16	90
4	240	64	16	16	90
4	240	80	16	16	90
4	240	96	16	16	90
4	240	112	16	16	90
4	240	128	16	16	90
4	240	144	16	16	90
4	240	160	16	16	90
4	240	176	16	16	90
4	240	192	16	16	90
4	240	208	16	16	90
4	240	224	16	16	90
4	240	240	16	16	90
4	240	256	16	16	90
4	240	272	16	16	90
4	240	288	16	16	90
4	240	336	16	16	90
4	240	352	16	16	90
4	240	368	16	16	90
4	240	384	16	16	90
4	240	400	16	16	90
4	240	416	16	16	90
4	240	432	16	16	90
4	240	448	16	16	90
4	240	464	16	16	90
4	240	480	16	16	90
4	240	496	16	16	90
4	240	512	16	16	90
4	240	528	16	16	90
4	240	544	16	16	90
4	240	560	16	16	90
4	240	576	16	16	90
4	240	592	16	16	90
4	240	608	16	16	90
4	240	624	16	16	90
4	256	0	16	16	90
4	256	16	16	16	90
4	256	32	16	16	90
4	256	48	16	16	90
4	256	64	16	16	90
4	256	80	16	16	90
4	256	96	16	16	90
4	256	112	16	16	90
4	256	128	16	16	90
4	256	144	16	16	90
4	256	160	16	16	90
4	256	176	16	16	90
4	256	192	16	16	90
4	256	208	16	16	90
4	256	224	16	16	90
4	256	240	16	16	90
4	256	256	16	16	90
4	256	272	16	16	90
4	256	288	16	16	90
4	256	304	16	16	90
4	256	320	16	16	90
4	256	336	16	16	90
4	256	352	16	16	90
4	256	368	16	16	90
4	256	384	16	16	90
4	256	400	16	16	90
4	256	416	16	16	90
4	256	432	16	16	90
4	256	448	16	16	90
4	256	464	16	16	90
4	256	480	16	16	90
4	256	496	16	16	90
4	256	512	16	16	90
4	256	528	16	16	90
4	256	544	16	16	90
4	256	560	16	16	90
4	256	576	16	16	90
4	256	592	16	16	90
4	256	608	16	16	90
4	256	624	16	16	90
4	272	0	16	16	90
4	272	16	16	16	90
4	272	32	16	16	90
4	272	48	16	16	90
4	272	64	16	16	90
4	272	80	16	16	90
4	272	96	16	16	90
4	272	112	16	16	90
4	272	128	16	16	90
4	272	144	16	16	90
4	272	160	16	16	90
4	272	176	16	16	90
4	272	192	16	16	90
4	272	208	16	16	90
4	272	224	16	16	90
4	272	240	16	16	90
4	272	256	16	16	90
4	272	272	16	16	90
4	272	288	16	16	90
4	272	304	16	16	90
4	272	320	16	16	90
4	272	336	16	16	90
4	272	352	16	16	90
4	272	368	16	16	90
4	272	384	16	16	90
4	272	400	16	16	90
4	272	416	16	16	90
4	272	432	16	16	90
4	272	448	16	16	90
4	272	464	16	16	90
4	272	480	16	16	90
4	272	496	16	16	90
4	272	512	16	16	90
4	272	528	16	16	90
4	272	544	16	16	90
4	272	560	16	16	90
4	272	576	16	16	90
4	272	592	16	16	90
4	272	608	16	16	90
4	272	624	16	16	90
4	288	0	16	16	90
4	288	16	16	16	90
4	288	32	16	16	90
4	288	48	16	16	90
4	288	64	16	16	90
4	288	80	16	16	90
4	288	96	16	16	90
4	288	112	16	16	90
4	288	128	16	16	90
4	288	144	16	16	90
4	288	160	16	16	90
4	288	176	16	16	90
4	288	192	16	16	90
4	288	208	16	16	90
4	288	224	16	16	90
4	288	240	16	16	90
4	288	256	16	16	90
4	288	272	16	16	90
4	288	288	16	16	90
4	288	304	16	16	90
4	288	320	16	16	90
4	288	336	16	16	90
4	288	352	16	16	90
4	288	368	16	16	90
4	288	384	16	16	90
4	288	400	16	16	90
4	288	416	16	16	90
4	288	432	16	16	90
4	288	448	16	16	90
4	288	464	16	16	90
4	288	480	16	16	90
4	288	496	16	16	90
4	288	512	16	16	90
4	288	528	16	16	90
4	288	544	16	16	90
4	288	560	16	16	90
4	288	576	16	16	90
4	288	592	16	16	90
4	288	608	16	16	90
4	288	624	16	16	90
4	304	0	16	16	90
4	304	16	16	16	90
4	304	32	16	16	90
4	304	48	16	16	90
4	304	64	16	16	90
4	304	80	16	16	90
4	304	96	16	16	90
4	304	112	16	16	90
4	304	128	16	16	90
4	304	144	16	16	90
4	304	160	16	16	90
4	304	176	16	16	90
4	304	192	16	16	90
4	304	208	16	16	90
4	304	224	16	16	90
4	304	240	16	16	90
4	304	256	16	16	90
4	304	272	16	16	90
4	304	288	16	16	90
4	304	304	16	16	90
4	304	320	16	16	90
4	304	336	16	16	90
4	304	352	16	16	90
4	304	368	16	16	90
4	304	384	16	16	90
4	304	400	16	16	90
4	304	416	16	16	90
4	304	432	16	16	90
4	304	448	16	16	90
4	304	464	16	16	90
4	304	480	16	16	90
4	304	496	16	16	90
4	304	512	16	16	90
4	304	528	16	16	90
4	304	544	16	16	90
4	304	560	16	16	90
4	304	576	16	16	90
4	304	592	16	16	90
4	304	608	16	16	90
4	304	624	16	16	90
4	320	0	16	16	90
4	320	16	16	16	90
4	320	32	16	16	90
4	320	48	16	16	90
4	320	64	16	16	90
4	320	80	16	16	90
4	320	96	16	16	90
4	320	112	16	16	90
4	320	128	16	16	90
4	320	144	16	16	90
4	320	160	16	16	90
4	320	176	16	16	90
4	320	192	16	16	90
4	320	208	16	16	90
4	320	224	16	16	90
4	320	240	16	16	90
4	320	256	16	16	90
4	320	272	16	16	90
4	320	288	16	16	90
4	320	304	16	16	90
4	320	320	16	16	90
4	320	336	16	16	90
4	320	352	16	16	90
4	320	368	16	16	90
4	320	384	16	16	90
4	320	400	16	16	90
4	320	416	16	16	90
4	320	432	16	16	90
4	320	448	16	16	90
4	320	464	16	16	90
4	320	480	16	16	90
4	320	496	16	16	90
4	320	512	16	16	90
4	320	528	16	16	90
4	320	544	16	16	90
4	320	560	16	16	90
4	320	576	16	16	90
4	320	592	16	16	90
4	320	608	16	16	90
4	320	624	16	16	90
4	336	0	16	16	90
4	336	16	16	16	90
4	336	32	16	16	90
4	336	48	16	16	90
4	336	64	16	16	90
4	336	80	16	16	90
4	336	96	16	16	90
4	336	112	16	16	90
4	336	128	16	16	90
4	336	144	16	16	90
4	336	160	16	16	90
4	336	176	16	16	90
4	336	192	16	16	90
4	336	208	16	16	90
4	336	224	16	16	90
4	336	240	16	16	90
4	336	256	16	16	90
4	336	272	16	16	90
4	336	288	16	16	90
4	336	304	16	16	90
4	336	320	16	16	90
4	336	336	16	16	90
4	336	352	16	16	90
4	336	368	16	16	90
4	336	384	16	16	90
4	336	400	16	16	90
4	336	416	16	16	90
4	336	432	16	16	90
4	336	448	16	16	90
4	336	464	16	16	90
4	336	480	16	16	90
4	336	496	16	16	90
4	336	512	16	16	90
4	336	528	16	16	90
4	336	544	16	16	90
4	336	560	16	16	90
4	336	576	16	16	90
4	336	592	16	16	90
4	336	608	16	16	90
4	336	624	16	16	90
4	352	0	16	16	90
4	352	16	16	16	90
4	352	32	16	16	90
4	352	48	16	16	90
4	352	64	16	16	90
4	352	80	16	16	90
4	352	96	16	16	90
4	352	112	16	16	90
4	352	128	16	16	90
4	352	144	16	16	90
4	352	160	16	16	90
4	352	176	16	16	90
4	352	192	16	16	90
4	352	208	16	16	90
4	352	224	16	16	90
4	352	240	16	16	90
4	352	256	16	16	90
4	352	272	16	16	90
4	352	288	16	16	90
4	352	304	16	16	90
4	352	320	16	16	90
4	352	336	16	16	90
4	352	352	16	16	90
4	352	368	16	16	90
4	352	384	16	16	90
4	352	400	16	16	90
4	352	416	16	16	90
4	352	432	16	16	90
4	352	448	16	16	90
4	352	464	16	16	90
4	352	480	16	16	90
4	352	496	16	16	90
4	352	512	16	16	90
4	352	528	16	16	90
4	352	544	16	16	90
4	352	560	16	16	90
4	352	576	16	16	90
4	352	592	16	16	90
4	352	608	16	16	90
4	352	624	16	16	90
4	368	0	16	16	90
4	368	16	16	16	90
4	368	32	16	16	90
4	368	48	16	16	90
4	368	64	16	16	90
4	368	80	16	16	90
4	368	96	16	16	90
4	368	112	16	16	90
4	368	128	16	16	90
4	368	144	16	16	90
4	368	160	16	16	90
4	368	176	16	16	90
4	368	192	16	16	90
4	368	208	16	16	90
4	368	224	16	16	90
4	368	240	16	16	90
4	368	256	16	16	90
4	368	272	16	16	90
4	368	288	16	16	90
4	368	304	16	16	90
4	368	320	16	16	90
4	368	336	16	16	90
4	368	352	16	16	90
4	368	368	16	16	90
4	368	384	16	16	90
4	368	400	16	16	90
4	368	416	16	16	90
4	368	432	16	16	90
4	368	448	16	16	90
4	368	464	16	16	90
4	368	480	16	16	90
4	368	496	16	16	90
4	368	512	16	16	90
4	368	528	16	16	90
4	368	544	16	16	90
4	368	560	16	16	90
4	368	576	16	16	90
4	368	592	16	16	90
4	368	608	16	16	90
4	368	624	16	16	90
4	384	0	16	16	90
4	384	16	16	16	90
4	384	32	16	16	90
4	384	48	16	16	90
4	384	64	16	16	90
4	384	80	16	16	90
4	384	96	16	16	90
4	384	112	16	16	90
4	384	128	16	16	90
4	384	144	16	16	90
4	384	160	16	16	90
4	384	176	16	16	90
4	384	192	16	16	90
4	384	208	16	16	90
4	384	224	16	16	90
4	384	240	16	16	90
4	384	256	16	16	90
4	384	272	16	16	90
4	384	288	16	16	90
4	384	304	16	16	90
4	384	320	16	16	90
4	384	336	16	16	90
4	384	352	16	16	90
4	384	368	16	16	90
4	384	384	16	16	90
4	384	400	16	16	90
4	384	416	16	16	90
4	384	432	16	16	90
4	384	448	16	16	90
4	384	464	16	16	90
4	384	480	16	16	90
4	384	496	16	16	90
4	384	512	16	16	90
4	384	528	16	16	90
4	384	544	16	16	90
4	384	560	16	16	90
4	384	576	16	16	90
4	384	592	16	16	90
4	384	608	16	16	90
4	384	624	16	16	90
4	400	0	16	16	90
4	400	16	16	16	90
4	400	32	16	16	90
4	400	48	16	16	90
4	400	64	16	16	90
4	400	80	16	16	90
4	400	96	16	16	90
4	400	112	16	16	90
4	400	128	16	16	90
4	400	144	16	16	90
4	400	160	16	16	90
4	400	176	16	16	90
4	400	192	16	16	90
4	400	208	16	16	90
4	400	224	16	16	90
4	400	240	16	16	90
4	400	256	16	16	90
4	400	272	16	16	90
4	400	288	16	16	90
4	400	304	16	16	90
4	400	320	16	16	90
4	400	336	16	16	90
4	400	352	16	16	90
4	400	368	16	16	90
4	400	384	16	16	90
4	400	400	16	16	90
4	400	416	16	16	90
4	400	432	16	16	90
4	400	448	16	16	90
4	400	464	16	16	90
4	400	480	16	16	90
4	400	496	16	16	90
4	400	512	16	16	90
4	400	528	16	16	90
4	400	544	16	16	90
4	400	560	16	16	90
4	400	576	16	16	90
4	400	592	16	16	90
4	400	608	16	16	90
4	400	624	16	16	90
4	416	0	16	16	90
4	416	16	16	16	90
4	416	32	16	16	90
4	416	48	16	16	90
4	416	64	16	16	90
4	416	80	16	16	90
4	416	96	16	16	90
4	416	112	16	16	90
4	416	128	16	16	90
4	416	144	16	16	90
4	416	160	16	16	90
4	416	176	16	16	90
4	416	192	16	16	90
4	416	208	16	16	90
4	416	224	16	16	90
4	416	240	16	16	90
4	416	256	16	16	90
4	416	272	16	16	90
4	416	288	16	16	90
4	416	304	16	16	90
4	416	320	16	16	90
4	416	336	16	16	90
4	416	352	16	16	90
4	416	368	16	16	90
4	416	384	16	16	90
4	416	400	16	16	90
4	416	416	16	16	90
4	416	432	16	16	90
4	416	448	16	16	90
4	416	464	16	16	90
4	416	480	16	16	90
4	416	496	16	16	90
4	416	512	16	16	90
4	416	528	16	16	90
4	416	544	16	16	90
4	416	560	16	16	90
4	416	576	16	16	90
4	416	592	16	16	90
4	416	608	16	16	90
4	416	624	16	16	90
4	432	0	16	16	90
4	432	16	16	16	90
4	432	32	16	16	90
4	432	48	16	16	90
4	432	64	16	16	90
4	432	80	16	16	90
4	432	96	16	16	90
4	432	112	16	16	90
4	432	128	16	16	90
4	432	144	16	16	90
4	432	160	16	16	90
4	432	176	16	16	90
4	432	192	16	16	90
4	432	208	16	16	90
4	432	224	16	16	90
4	432	240	16	16	90
4	432	256	16	16	90
4	432	272	16	16	90
4	432	288	16	16	90
4	432	304	16	16	90
4	432	320	16	16	90
4	432	336	16	16	90
4	432	352	16	16	90
4	432	368	16	16	90
4	432	384	16	16	90
4	432	400	16	16	90
4	432	416	16	16	90
4	432	432	16	16	90
4	432	448	16	16	90
4	432	464	16	16	90
4	432	480	16	16	90
4	432	496	16	16	90
4	432	512	16	16	90
4	432	528	16	16	90
4	432	544	16	16	90
4	432	560	16	16	90
4	432	576	16	16	90
4	432	592	16	16	90
4	432	608	16	16	90
4	432	624	16	16	90
4	448	0	16	16	90
4	448	16	16	16	90
4	448	32	16	16	90
4	448	48	16	16	90
4	448	64	16	16	90
4	448	80	16	16	90
4	448	96	16	16	90
4	448	112	16	16	90
4	448	128	16	16	90
4	448	144	16	16	90
4	448	160	16	16	90
4	448	176	16	16	90
4	448	192	16	16	90
4	448	208	16	16	90
4	448	224	16	16	90
4	448	240	16	16	90
4	448	256	16	16	90
4	448	272	16	16	90
4	448	288	16	16	90
4	448	304	16	16	90
4	448	320	16	16	90
4	448	336	16	16	90
4	448	352	16	16	90
4	448	368	16	16	90
4	448	384	16	16	90
4	448	400	16	16	90
4	448	416	16	16	90
4	448	432	16	16	90
4	448	448	16	16	90
4	448	464	16	16	90
4	448	480	16	16	90
4	448	496	16	16	90
4	448	512	16	16	90
4	448	528	16	16	90
4	448	544	16	16	90
4	448	560	16	16	90
4	448	576	16	16	90
4	448	592	16	16	90
4	448	608	16	16	90
4	448	624	16	16	90
4	464	0	16	16	90
4	464	16	16	16	90
4	464	32	16	16	90
4	464	48	16	16	90
4	464	64	16	16	90
4	464	80	16	16	90
4	464	96	16	16	90
4	464	112	16	16	90
4	464	128	16	16	90
4	464	144	16	16	90
4	464	160	16	16	90
4	464	176	16	16	90
4	464	192	16	16	90
4	464	208	16	16	90
4	464	224	16	16	90
4	464	240	16	16	90
4	464	256	16	16	90
4	464	272	16	16	90
4	464	288	16	16	90
4	464	304	16	16	90
4	464	320	16	16	90
4	464	336	16	16	90
4	464	352	16	16	90
4	464	368	16	16	90
4	464	384	16	16	90
4	464	400	16	16	90
4	464	416	16	16	90
4	464	432	16	16	90
4	464	448	16	16	90
4	464	464	16	16	90
4	464	480	16	16	90
4	464	496	16	16	90
4	464	512	16	16	90
4	464	528	16	16	90
4	464	544	16	16	90
4	464	560	16	16	90
4	464	576	16	16	90
4	464	592	16	16	90
4	464	608	16	16	90
4	464	624	16	16	90
4	480	0	16	16	90
4	480	16	16	16	90
4	480	32	16	16	90
4	480	48	16	16	90
4	480	64	16	16	90
4	480	80	16	16	90
4	480	96	16	16	90
4	480	112	16	16	90
4	480	128	16	16	90
4	480	144	16	16	90
4	480	160	16	16	90
4	480	176	16	16	90
4	480	192	16	16	90
4	480	208	16	16	90
4	480	224	16	16	90
4	480	240	16	16	90
4	480	256	16	16	90
4	480	272	16	16	90
4	480	288	16	16	90
4	480	304	16	16	90
4	480	320	16	16	90
4	480	336	16	16	90
4	480	352	16	16	90
4	480	368	16	16	90
4	480	384	16	16	90
4	480	400	16	16	90
4	480	416	16	16	90
4	480	432	16	16	90
4	480	448	16	16	90
4	480	464	16	16	90
4	480	480	16	16	90
4	480	496	16	16	90
4	480	512	16	16	90
4	480	528	16	16	90
4	480	544	16	16	90
4	480	560	16	16	90
4	480	576	16	16	90
4	480	592	16	16	90
4	480	608	16	16	90
4	480	624	16	16	90
4	496	0	16	16	90
4	496	16	16	16	90
4	496	32	16	16	90
4	496	48	16	16	90
4	496	64	16	16	90
4	496	80	16	16	90
4	496	96	16	16	90
4	496	112	16	16	90
4	496	128	16	16	90
4	496	144	16	16	90
4	496	160	16	16	90
4	496	176	16	16	90
4	496	192	16	16	90
4	496	208	16	16	90
4	496	224	16	16	90
4	496	240	16	16	90
4	496	256	16	16	90
4	496	272	16	16	90
4	496	288	16	16	90
4	496	304	16	16	90
4	496	320	16	16	90
4	496	336	16	16	90
4	496	352	16	16	90
4	496	368	16	16	90
4	496	384	16	16	90
4	496	400	16	16	90
4	496	416	16	16	90
4	496	432	16	16	90
4	496	448	16	16	90
4	496	464	16	16	90
4	496	480	16	16	90
4	496	496	16	16	90
4	496	512	16	16	90
4	496	528	16	16	90
4	496	544	16	16	90
4	496	560	16	16	90
4	496	576	16	16	90
4	496	592	16	16	90
4	496	608	16	16	90
4	496	624	16	16	90
4	512	0	16	16	90
4	512	16	16	16	90
4	512	32	16	16	90
4	512	48	16	16	90
4	512	64	16	16	90
4	512	80	16	16	90
4	512	96	16	16	90
4	512	112	16	16	90
4	512	128	16	16	90
4	512	144	16	16	90
4	512	160	16	16	90
4	512	176	16	16	90
4	512	192	16	16	90
4	512	208	16	16	90
4	512	224	16	16	90
4	512	240	16	16	90
4	512	256	16	16	90
4	512	272	16	16	90
4	512	288	16	16	90
4	512	304	16	16	90
4	512	320	16	16	90
4	512	336	16	16	90
4	512	352	16	16	90
4	512	368	16	16	90
4	512	384	16	16	90
4	512	400	16	16	90
4	512	416	16	16	90
4	512	432	16	16	90
4	512	448	16	16	90
4	512	464	16	16	90
4	512	480	16	16	90
4	512	496	16	16	90
4	512	512	16	16	90
4	512	528	16	16	90
4	512	544	16	16	90
4	512	560	16	16	90
4	512	576	16	16	90
4	512	592	16	16	90
4	512	608	16	16	90
4	512	624	16	16	90
4	528	0	16	16	90
4	528	16	16	16	90
4	528	32	16	16	90
4	528	48	16	16	90
4	528	64	16	16	90
4	528	80	16	16	90
4	528	96	16	16	90
4	528	112	16	16	90
4	528	128	16	16	90
4	528	144	16	16	90
4	528	160	16	16	90
4	528	176	16	16	90
4	528	192	16	16	90
4	528	208	16	16	90
4	528	224	16	16	90
4	528	240	16	16	90
4	528	256	16	16	90
4	528	272	16	16	90
4	528	288	16	16	90
4	528	304	16	16	90
4	528	320	16	16	90
4	528	336	16	16	90
4	528	352	16	16	90
4	528	368	16	16	90
4	528	384	16	16	90
4	528	400	16	16	90
4	528	416	16	16	90
4	528	432	16	16	90
4	528	448	16	16	90
4	528	464	16	16	90
4	528	480	16	16	90
4	528	496	16	16	90
4	528	512	16	16	90
4	528	528	16	16	90
4	528	544	16	16	90
4	528	560	16	16	90
4	528	576	16	16	90
4	528	592	16	16	90
4	528	608	16	16	90
4	528	624	16	16	90
4	544	0	16	16	90
4	544	16	16	16	90
4	544	32	16	16	90
4	544	48	16	16	90
4	544	64	16	16	90
4	544	80	16	16	90
4	544	96	16	16	90
4	544	112	16	16	90
4	544	128	16	16	90
4	544	144	16	16	90
4	544	160	16	16	90
4	544	176	16	16	90
4	544	192	16	16	90
4	544	208	16	16	90
4	544	224	16	16	90
4	544	240	16	16	90
4	544	256	16	16	90
4	544	272	16	16	90
4	544	288	16	16	90
4	544	304	16	16	90
4	544	320	16	16	90
4	544	336	16	16	90
4	544	352	16	16	90
4	544	368	16	16	90
4	544	384	16	16	90
4	544	400	16	16	90
4	544	416	16	16	90
4	544	432	16	16	90
4	544	448	16	16	90
4	544	464	16	16	90
4	544	480	16	16	90
4	544	496	16	16	90
4	544	512	16	16	90
4	544	528	16	16	90
4	544	544	16	16	90
4	544	560	16	16	90
4	544	576	16	16	90
4	544	592	16	16	90
4	544	608	16	16	90
4	544	624	16	16	90
4	560	0	16	16	90
4	560	16	16	16	90
4	560	32	16	16	90
4	560	48	16	16	90
4	560	64	16	16	90
4	560	80	16	16	90
4	560	96	16	16	90
4	560	112	16	16	90
4	560	128	16	16	90
4	560	144	16	16	90
4	560	160	16	16	90
4	560	176	16	16	90
4	560	192	16	16	90
4	560	208	16	16	90
4	560	224	16	16	90
4	560	240	16	16	90
4	560	256	16	16	90
4	560	272	16	16	90
4	560	288	16	16	90
4	560	304	16	16	90
4	560	320	16	16	90
4	560	336	16	16	90
4	560	352	16	16	90
4	560	368	16	16	90
4	560	384	16	16	90
4	560	400	16	16	90
4	560	416	16	16	90
4	560	432	16	16	90
4	560	448	16	16	90
4	560	464	16	16	90
4	560	480	16	16	90
4	560	496	16	16	90
4	560	512	16	16	90
4	560	528	16	16	90
4	560	544	16	16	90
4	560	560	16	16	90
4	560	576	16	16	90
4	560	592	16	16	90
4	560	608	16	16	90
4	560	624	16	16	90
4	576	0	16	16	90
4	576	16	16	16	90
4	576	32	16	16	90
4	576	48	16	16	90
4	576	64	16	16	90
4	576	80	16	16	90
4	576	96	16	16	90
4	576	112	16	16	90
4	576	128	16	16	90
4	576	144	16	16	90
4	576	160	16	16	90
4	576	176	16	16	90
4	576	192	16	16	90
4	576	208	16	16	90
4	576	224	16	16	90
4	576	240	16	16	90
4	576	256	16	16	90
4	576	272	16	16	90
4	576	288	16	16	90
4	576	304	16	16	90
4	576	320	16	16	90
4	576	336	16	16	90
4	576	352	16	16	90
4	576	368	16	16	90
4	576	384	16	16	90
4	576	400	16	16	90
4	576	416	16	16	90
4	576	432	16	16	90
4	576	448	16	16	90
4	576	464	16	16	90
4	576	480	16	16	90
4	576	496	16	16	90
4	576	512	16	16	90
4	576	528	16	16	90
4	576	544	16	16	90
4	576	560	16	16	90
4	576	576	16	16	90
4	576	592	16	16	90
4	576	608	16	16	90
4	576	624	16	16	90
4	592	0	16	16	90
4	592	16	16	16	90
4	592	32	16	16	90
4	592	48	16	16	90
4	592	64	16	16	90
4	592	80	16	16	90
4	592	96	16	16	90
4	592	112	16	16	90
4	592	128	16	16	90
4	592	144	16	16	90
4	592	160	16	16	90
4	592	176	16	16	90
4	592	192	16	16	90
4	592	208	16	16	90
4	592	224	16	16	90
4	592	240	16	16	90
4	592	256	16	16	90
4	592	272	16	16	90
4	592	288	16	16	90
4	592	304	16	16	90
4	592	320	16	16	90
4	592	336	16	16	90
4	592	352	16	16	90
4	592	368	16	16	90
4	592	384	16	16	90
4	592	400	16	16	90
4	592	416	16	16	90
4	592	432	16	16	90
4	592	448	16	16	90
4	592	464	16	16	90
4	592	480	16	16	90
4	592	496	16	16	90
4	592	512	16	16	90
4	592	528	16	16	90
4	592	544	16	16	90
4	592	560	16	16	90
4	592	576	16	16	90
4	592	592	16	16	90
4	592	608	16	16	90
4	592	624	16	16	90
4	608	0	16	16	90
4	608	16	16	16	90
4	608	32	16	16	90
4	608	48	16	16	90
4	608	64	16	16	90
4	608	80	16	16	90
4	608	96	16	16	90
4	608	112	16	16	90
4	608	128	16	16	90
4	608	144	16	16	90
4	608	160	16	16	90
4	608	176	16	16	90
4	608	192	16	16	90
4	608	208	16	16	90
4	608	224	16	16	90
4	608	240	16	16	90
4	608	256	16	16	90
4	608	272	16	16	90
4	608	288	16	16	90
4	608	304	16	16	90
4	608	320	16	16	90
4	608	336	16	16	90
4	608	352	16	16	90
4	608	368	16	16	90
4	608	384	16	16	90
4	608	400	16	16	90
4	608	416	16	16	90
4	608	432	16	16	90
4	608	448	16	16	90
4	608	464	16	16	90
4	608	480	16	16	90
4	608	496	16	16	90
4	608	512	16	16	90
4	608	528	16	16	90
4	608	544	16	16	90
4	608	560	16	16	90
4	608	576	16	16	90
4	608	592	16	16	90
4	608	608	16	16	90
4	608	624	16	16	90
4	624	0	16	16	90
4	624	16	16	16	90
4	624	32	16	16	90
4	624	48	16	16	90
4	624	64	16	16	90
4	624	80	16	16	90
4	624	96	16	16	90
4	624	112	16	16	90
4	624	128	16	16	90
4	624	144	16	16	90
4	624	160	16	16	90
4	624	176	16	16	90
4	624	192	16	16	90
4	624	208	16	16	90
4	624	224	16	16	90
4	624	240	16	16	90
4	624	256	16	16	90
4	624	272	16	16	90
4	624	288	16	16	90
4	624	304	16	16	90
4	624	320	16	16	90
4	624	336	16	16	90
4	624	352	16	16	90
4	624	368	16	16	90
4	624	384	16	16	90
4	624	400	16	16	90
4	624	416	16	16	90
4	624	432	16	16	90
4	624	448	16	16	90
4	624	464	16	16	90
4	624	480	16	16	90
4	624	496	16	16	90
4	624	512	16	16	90
4	624	528	16	16	90
4	624	544	16	16	90
4	624	560	16	16	90
4	624	576	16	16	90
4	624	592	16	16	90
4	624	608	16	16	90
4	624	624	16	16	90
4 	336	304	32	32	161