stopped	stopped.tunic.png 4 0 -1
0	0	24	24	12	21	1	1
24	0	24	24	12	21	1	1
72	0	24	24	12	21	1	1
96	0	24	24	12	21	1	1
walking 	walking.tunic.png 4 100 0
0	0	24	32	12	29	4	4
0	32	24	32	12	29	4	4
0	96	24	32	12	29	4	4
0	128	24	32	12	29	4	4
yameyameka 	yameyameka.tunic.png 4 100 -1
0	0	32	32	16	21	1	1
0	32	32	32	16	21	1	1
0	64	32	32	16	21	1	1
0	96	32	32	16	21	1	1
fireball fireball.tunic.png 4 100 -1
0	0	32	24	16	21	3	3
0	24	32	24	16	21	3	3
0	48	32	24	16	21	3	3
0	72	32	24	16	20	3	3
jumping jumper.tunic.png 4 0 -1
0	0	24	24	12	21	1	1
0	24	24	24	12	21	1	1
0	48	24	24	12	21	1	1
0	72	24	24	12	21	1	1
damage	damage.tunic.png 4 100 -1
0	0	24	24	12	21	1	1
24	0	24	24	12	21	1	1
72	0	24	24	12	21	1	1
96	0	24	24	12	21	1	1
dying dying.tunic.png 1 125 9
0	0	24	24	12	21	10	10